NIST-2: 0.2698
NIST-4: 0.2771
BLEU-2: 0.207
BLEU-4: 0.0685
METEOR: 0.07437391251386324
Ent-4: 9.043668615589032
Dist-1: 0.1274330900243309
Dist-2: 0.43522410265947553
AvgLen: 5.48
