NIST-2: 1.5275
NIST-4: 1.538
BLEU-2: 0.069
BLEU-4: 0.0098
METEOR: 0.09072390038147507
Ent-4: 11.61225386160267
Dist-1: 0.081374335084536
Dist-2: 0.2895109123688444
AvgLen: 45.65116666666667
