NIST-2: 1.5275
NIST-4: 1.5381
BLEU-2: 0.069
BLEU-4: 0.0098
METEOR: 0.09072353170142576
Ent-4: 11.612252984979628
Dist-1: 0.08135837042283861
Dist-2: 0.28951386218816144
AvgLen: 45.64783333333333
