NIST-2: 0.0927
NIST-4: 0.0949
BLEU-2: 0.1777
BLEU-4: 0.0572
METEOR: 0.06942145648246674
Ent-4: 8.955085737076589
Dist-1: 0.1326925557992517
Dist-2: 0.446781287485006
AvgLen: 5.167333333333334
