NIST-2: 3.4681
NIST-4: 3.5401
BLEU-2: 0.1969
BLEU-4: 0.0556
METEOR: 0.10482911187418398
Ent-4: 10.191481579889375
Dist-1: 0.0842594949237861
Dist-2: 0.3404561045703161
AvgLen: 11.787
