NIST-2: 0.1755
NIST-4: 0.1804
BLEU-2: 0.2038
BLEU-4: 0.0724
METEOR: 0.07811953468519485
Ent-4: 8.965014954891123
Dist-1: 0.1341372191137309
Dist-2: 0.44131695045028624
AvgLen: 5.570166666666666
