NIST-2: 3.034
NIST-4: 3.0908
BLEU-2: 0.1746
BLEU-4: 0.046
METEOR: 0.09779417307036589
Ent-4: 9.232274393229778
Dist-1: 0.07097324409881325
Dist-2: 0.2723560507739546
AvgLen: 11.530166666666666
