NIST-2: 2.1524
NIST-4: 2.1688
BLEU-2: 0.1002
BLEU-4: 0.0153
METEOR: 0.0942545800382435
Ent-4: 10.943561078039393
Dist-1: 0.05211866225904778
Dist-2: 0.2841101093018735
AvgLen: 23.293
