NIST-2: 3.3475
NIST-4: 3.4118
BLEU-2: 0.1821
BLEU-4: 0.052
METEOR: 0.10295785023218977
Ent-4: 9.778477499555823
Dist-1: 0.10333352624573182
Dist-2: 0.3760575430146709
AvgLen: 11.519333333333334
