NIST-2: 3.3321
NIST-4: 3.3841
BLEU-2: 0.1633
BLEU-4: 0.0417
METEOR: 0.10898578153654735
Ent-4: 9.89267329558695
Dist-1: 0.08457257346393589
Dist-2: 0.33365935114503814
AvgLen: 14.973333333333333
