NIST-2: 3.4078
NIST-4: 3.4779
BLEU-2: 0.1921
BLEU-4: 0.0531
METEOR: 0.10267066482844728
Ent-4: 10.267047600259586
Dist-1: 0.08776622231074564
Dist-2: 0.354990744917482
AvgLen: 11.714833333333333
