NIST-2: 0.132
NIST-4: 0.1352
BLEU-2: 0.1854
BLEU-4: 0.0597
METEOR: 0.07420412676718895
Ent-4: 8.710943459867348
Dist-1: 0.12491135025130276
Dist-2: 0.39936452698869007
AvgLen: 5.405166666666666
