NIST-2: 2.9436
NIST-4: 2.9913
BLEU-2: 0.1686
BLEU-4: 0.0399
METEOR: 0.09607506106415575
Ent-4: 9.206926414726611
Dist-1: 0.06930145989646949
Dist-2: 0.26614945916237875
AvgLen: 11.462
