NIST-2: 2.829
NIST-4: 2.8562
BLEU-2: 0.1299
BLEU-4: 0.0242
METEOR: 0.11127514674069638
Ent-4: 9.91536669543363
Dist-1: 0.06181565615296617
Dist-2: 0.25982127513318437
AvgLen: 20.39666666666667
