NIST-2: 0.1402
NIST-4: 0.1429
BLEU-2: 0.1631
BLEU-4: 0.0454
METEOR: 0.07076620350444848
Ent-4: 8.486444916298582
Dist-1: 0.1117112767434141
Dist-2: 0.3487232396182615
AvgLen: 5.523166666666667
