NIST-2: 0.0645
NIST-4: 0.065
BLEU-2: 0.0298
BLEU-4: 0.0068
METEOR: 0.05896518314516828
Ent-4: 7.732067006293532
Dist-1: 0.16035599348404783
Dist-2: 0.3705461943763368
AvgLen: 4.194833333333333
