NIST-2: 2.9728
NIST-4: 3.0146
BLEU-2: 0.1441
BLEU-4: 0.0341
METEOR: 0.11623232882095495
Ent-4: 10.203092522858338
Dist-1: 0.06951880320419883
Dist-2: 0.2900487813183726
AvgLen: 20.577166666666667
