NIST-2: 3.0075
NIST-4: 3.0632
BLEU-2: 0.1732
BLEU-4: 0.0449
METEOR: 0.0970978465349809
Ent-4: 9.22800191597575
Dist-1: 0.06979939543830722
Dist-2: 0.2692660986348231
AvgLen: 11.5235
