NIST-2: 0.0993
NIST-4: 0.1016
BLEU-2: 0.1788
BLEU-4: 0.057
METEOR: 0.07010475114124788
Ent-4: 8.958157027623162
Dist-1: 0.13081423228157668
Dist-2: 0.44052044609665425
AvgLen: 5.2135
