NIST-2: 3.0613
NIST-4: 3.1098
BLEU-2: 0.1502
BLEU-4: 0.0387
METEOR: 0.11998804634384552
Ent-4: 10.383564508591004
Dist-1: 0.07279631312475658
Dist-2: 0.3064188728165939
AvgLen: 20.541333333333334
