NIST-2: 1.2808
NIST-4: 1.3041
BLEU-2: 0.07
BLEU-4: 0.0179
METEOR: 0.09837199178405165
Ent-4: 11.116729352717641
Dist-1: 0.03632668134901487
Dist-2: 0.17438836935942154
AvgLen: 61.82783333333333
