NIST-2: 3.4112
NIST-4: 3.4797
BLEU-2: 0.1929
BLEU-4: 0.0534
METEOR: 0.103054274179594
Ent-4: 10.277269094923327
Dist-1: 0.08790488138686131
Dist-2: 0.3571807183836368
AvgLen: 11.690666666666667
