NIST-2: 3.3992
NIST-4: 3.4579
BLEU-2: 0.175
BLEU-4: 0.0474
METEOR: 0.10111748003091066
Ent-4: 9.726633662436196
Dist-1: 0.0973237678495494
Dist-2: 0.36391492160291766
AvgLen: 12.150166666666667
