NIST-2: 3.0669
NIST-4: 3.1073
BLEU-2: 0.1445
BLEU-4: 0.0339
METEOR: 0.10083791539219102
Ent-4: 9.375660944213688
Dist-1: 0.075477413867431
Dist-2: 0.2842271411928295
AvgLen: 14.3045
