NIST-2: 3.2661
NIST-4: 3.315
BLEU-2: 0.155
BLEU-4: 0.0404
METEOR: 0.1018377893904813
Ent-4: 9.272346210871724
Dist-1: 0.08493567399708474
Dist-2: 0.3082515947595857
AvgLen: 13.149166666666666
