NIST-2: 2.7597
NIST-4: 2.7876
BLEU-2: 0.1314
BLEU-4: 0.0269
METEOR: 0.09423869645453818
Ent-4: 9.926915612500412
Dist-1: 0.05788631379289906
Dist-2: 0.26621147342224494
AvgLen: 14.059166666666666
