NIST-2: 0.0872
NIST-4: 0.0893
BLEU-2: 0.177
BLEU-4: 0.0576
METEOR: 0.06896772547257002
Ent-4: 8.950559165754996
Dist-1: 0.133270475013818
Dist-2: 0.44905706093768927
AvgLen: 5.126166666666666
