NIST-2: 0.1201
NIST-4: 0.1226
BLEU-2: 0.1694
BLEU-4: 0.0495
METEOR: 0.0713272204185594
Ent-4: 8.534123294997075
Dist-1: 0.11472618642231372
Dist-2: 0.36132122087498575
AvgLen: 5.3838333333333335
