NIST-2: 3.5018
NIST-4: 3.5784
BLEU-2: 0.2005
BLEU-4: 0.0577
METEOR: 0.10604621614237097
Ent-4: 10.14747665670902
Dist-1: 0.08958044060178359
Dist-2: 0.3536541442866315
AvgLen: 11.643166666666668
