NIST-2: 3.4673
NIST-4: 3.5375
BLEU-2: 0.1968
BLEU-4: 0.0551
METEOR: 0.10496290419931094
Ent-4: 10.223313170664968
Dist-1: 0.0853234078220227
Dist-2: 0.34678759453960956
AvgLen: 11.731833333333332
