NIST-2: 1.7011
NIST-4: 1.7013
BLEU-2: 0.0535
BLEU-4: 0.0011
METEOR: 0.06182798146353347
Ent-4: 3.803996018514162
Dist-1: 0.002536568867844762
Dist-2: 0.00433081449180132
AvgLen: 17.7405
