NIST-2: 1.7129
NIST-4: 1.7132
BLEU-2: 0.0539
BLEU-4: 0.0021
METEOR: 0.06207984396031559
Ent-4: 3.897863237231926
Dist-1: 0.002558773266823703
Dist-2: 0.00460613172949978
AvgLen: 18.0425
