NIST-2: 1.8437
NIST-4: 1.8885
BLEU-2: 0.2115
BLEU-4: 0.0639
METEOR: 0.08049984735191748
Ent-4: 9.260989225755075
Dist-1: 0.12027375743296309
Dist-2: 0.42168268420165234
AvgLen: 5.942
