NIST-2: 3.2188
NIST-4: 3.2884
BLEU-2: 0.2037
BLEU-4: 0.0598
METEOR: 0.10406385045888375
Ent-4: 9.974939232857373
Dist-1: 0.09407959283787098
Dist-2: 0.358860075634792
AvgLen: 10.872
