NIST-2: 1.5091
NIST-4: 1.5195
BLEU-2: 0.0681
BLEU-4: 0.0097
METEOR: 0.09031495589380377
Ent-4: 11.625286790420354
Dist-1: 0.08274393544524783
Dist-2: 0.2912803115509036
AvgLen: 46.49283333333333
