NIST-2: 2.8459
NIST-4: 2.8799
BLEU-2: 0.1588
BLEU-4: 0.0313
METEOR: 0.09375765247057678
Ent-4: 9.196024733315324
Dist-1: 0.06808652632495249
Dist-2: 0.2615846681922197
AvgLen: 11.487833333333333
