NIST-2: 3.4102
NIST-4: 3.4788
BLEU-2: 0.1928
BLEU-4: 0.0534
METEOR: 0.10300402960989215
Ent-4: 10.277286372011757
Dist-1: 0.08792540526668473
Dist-2: 0.35720856265298806
AvgLen: 11.689833333333333
