NIST-2: 2.9884
NIST-4: 3.0393
BLEU-2: 0.1562
BLEU-4: 0.038
METEOR: 0.10426523714281409
Ent-4: 9.80894591054998
Dist-1: 0.05877043958377575
Dist-2: 0.24186890451349513
AvgLen: 15.696666666666667
