NIST-2: 3.0994
NIST-4: 3.1525
BLEU-2: 0.1621
BLEU-4: 0.04
METEOR: 0.1022775941281167
Ent-4: 9.649488568100928
Dist-1: 0.06205563689604685
Dist-2: 0.25040629921259844
AvgLen: 14.229166666666666
