NIST-2: 2.784
NIST-4: 2.8504
BLEU-2: 0.2121
BLEU-4: 0.0654
METEOR: 0.10229018681706804
Ent-4: 9.871255248242353
Dist-1: 0.0987248937411451
Dist-2: 0.37110843596629317
AvgLen: 9.999166666666667
