NIST-2: 1.6747
NIST-4: 1.6748
BLEU-2: 0.0536
BLEU-4: 0.0011
METEOR: 0.06154765035371049
Ent-4: 3.30282244176917
Dist-1: 0.0021753278593525725
Dist-2: 0.0035415901362947054
AvgLen: 18.6945
