NIST-2: 0.1404
NIST-4: 0.1443
BLEU-2: 0.1965
BLEU-4: 0.0676
METEOR: 0.07590591502695176
Ent-4: 8.830110440529113
Dist-1: 0.13104677607720205
Dist-2: 0.42540687160940327
AvgLen: 5.423
