NIST-2: 3.2943
NIST-4: 3.3522
BLEU-2: 0.1806
BLEU-4: 0.0467
METEOR: 0.09995679809128984
Ent-4: 10.25361123679667
Dist-1: 0.0829191587341701
Dist-2: 0.3395118511023212
AvgLen: 11.871
