NIST-2: 3.4673
NIST-4: 3.5375
BLEU-2: 0.1968
BLEU-4: 0.0551
METEOR: 0.10933604106906464
Ent-4: 10.272098433224086
Dist-1: 0.07337447865184793
Dist-2: 0.299695938044128
AvgLen: 13.826333333333332
