NIST-2: 2.6914
NIST-4: 2.7226
BLEU-2: 0.1265
BLEU-4: 0.0274
METEOR: 0.10974457884868019
Ent-4: 9.833915406115361
Dist-1: 0.05923217550274223
Dist-2: 0.2472498122026542
AvgLen: 20.968333333333334
