NIST-2: 1.8437
NIST-4: 1.8885
BLEU-2: 0.2115
BLEU-4: 0.0639
METEOR: 0.09532008144594863
Ent-4: 9.703705301053766
Dist-1: 0.09473341878216288
Dist-2: 0.35496488384656943
AvgLen: 8.712166666666667
