NIST-2: 3.4673
NIST-4: 3.5375
BLEU-2: 0.1968
BLEU-4: 0.0551
METEOR: 0.10389004120500626
Ent-4: 10.246566779344112
Dist-1: 0.08602242209812865
Dist-2: 0.34961243922518914
AvgLen: 11.7295
