NIST-2: 3.2923
NIST-4: 3.3501
BLEU-2: 0.1804
BLEU-4: 0.0466
METEOR: 0.0998598918077951
Ent-4: 10.25307807160342
Dist-1: 0.08281515376949314
Dist-2: 0.33913216743558694
AvgLen: 11.873833333333334
