NIST-2: 2.9274
NIST-4: 2.9889
BLEU-2: 0.147
BLEU-4: 0.0459
METEOR: 0.10276324975140745
Ent-4: 9.805415229166107
Dist-1: 0.08177841356719327
Dist-2: 0.3140378025864928
AvgLen: 16.078
