NIST-2: 3.5097
NIST-4: 3.5879
BLEU-2: 0.2007
BLEU-4: 0.0592
METEOR: 0.10570652328967758
Ent-4: 10.20517233444732
Dist-1: 0.09126194124976726
Dist-2: 0.36193415960263864
AvgLen: 11.636833333333334
