NIST-2: 3.0559
NIST-4: 3.1171
BLEU-2: 0.1769
BLEU-4: 0.0499
METEOR: 0.09845789403253913
Ent-4: 9.226439674495008
Dist-1: 0.07169412819882245
Dist-2: 0.27461665188189077
AvgLen: 11.521166666666666
