NIST-2: 3.124
NIST-4: 3.189
BLEU-2: 0.1782
BLEU-4: 0.0539
METEOR: 0.09928951374880426
Ent-4: 9.215678111257233
Dist-1: 0.07152592424328469
Dist-2: 0.2739264708164564
AvgLen: 11.739333333333333
