NIST-2: 0.0878
NIST-4: 0.0899
BLEU-2: 0.1777
BLEU-4: 0.0582
METEOR: 0.06912291065099807
Ent-4: 8.9551883670168
Dist-1: 0.1336648142731793
Dist-2: 0.4502562860717601
AvgLen: 5.1285
