NIST-2: 1.5088
NIST-4: 1.5192
BLEU-2: 0.0681
BLEU-4: 0.0097
METEOR: 0.09030550439525567
Ent-4: 11.62562898119354
Dist-1: 0.08277661496114919
Dist-2: 0.29139684121077153
AvgLen: 46.50266666666667
