NIST-2: 1.9894
NIST-4: 2.0014
BLEU-2: 0.0942
BLEU-4: 0.0196
METEOR: 0.1032736982551133
Ent-4: 9.10320504604447
Dist-1: 0.1277931511587686
Dist-2: 0.3456580470860672
AvgLen: 9.636666666666667
