NIST-2: 3.065
NIST-4: 3.0971
BLEU-2: 0.1433
BLEU-4: 0.0279
METEOR: 0.09338335618755263
Ent-4: 9.314957282916051
Dist-1: 0.08222016895459346
Dist-2: 0.3006163990825688
AvgLen: 12.626666666666667
