NIST-2: 3.3319
NIST-4: 3.3946
BLEU-2: 0.1854
BLEU-4: 0.0485
METEOR: 0.10153208666495207
Ent-4: 10.133675176593531
Dist-1: 0.08200092974770028
Dist-2: 0.3279886746580085
AvgLen: 11.831166666666666
