NIST-2: 3.3206
NIST-4: 3.3846
BLEU-2: 0.1855
BLEU-4: 0.0493
METEOR: 0.10113586592511924
Ent-4: 10.18092767059717
Dist-1: 0.08226832563900462
Dist-2: 0.3309094822285082
AvgLen: 11.841333333333333
