NIST-2: 3.0282
NIST-4: 3.069
BLEU-2: 0.1436
BLEU-4: 0.0338
METEOR: 0.10005820662256254
Ent-4: 9.358418726547287
Dist-1: 0.07517100181471313
Dist-2: 0.28567855534990744
AvgLen: 14.327333333333334
