NIST-2: 1.5094
NIST-4: 1.5199
BLEU-2: 0.0681
BLEU-4: 0.0097
METEOR: 0.0903189546716602
Ent-4: 11.624247352171817
Dist-1: 0.08256545215950895
Dist-2: 0.291056261130206
AvgLen: 46.48433333333333
