NIST-2: 3.5143
NIST-4: 3.5913
BLEU-2: 0.2003
BLEU-4: 0.0581
METEOR: 0.10637434242805435
Ent-4: 10.113021391013186
Dist-1: 0.08853780842213231
Dist-2: 0.3481213782790205
AvgLen: 11.699333333333334
