NIST-2: 14.4498
NIST-4: 16.0612
BLEU-2: 1.0
BLEU-4: 1.0
METEOR: 1.0
Ent-4: 10.995100016228342
Dist-1: 0.1454816096487322
Dist-2: 0.6296332006446193
AvgLen: 13.100166666666667
