NIST-2: 2.3843
NIST-4: 2.4029
BLEU-2: 0.1073
BLEU-4: 0.0189
METEOR: 0.08436325663581434
Ent-4: 9.561450566094512
Dist-1: 0.05155978676640235
Dist-2: 0.2354258621367107
AvgLen: 13.725166666666667
