NIST-2: 2.3989
NIST-4: 2.4182
BLEU-2: 0.1087
BLEU-4: 0.0212
METEOR: 0.0848399179190187
Ent-4: 9.572396006227219
Dist-1: 0.05207676257945558
Dist-2: 0.23668166832382648
AvgLen: 13.739333333333333
