NIST-2: 1.0122
NIST-4: 1.027
BLEU-2: 0.137
BLEU-4: 0.0391
METEOR: 0.07494390597334645
Ent-4: 8.590514709947925
Dist-1: 0.07191902327037462
Dist-2: 0.26038411070022666
AvgLen: 7.985833333333333
