NIST-2: 0.9725
NIST-4: 0.9842
BLEU-2: 0.1283
BLEU-4: 0.0298
METEOR: 0.07308952584738458
Ent-4: 8.53564945547307
Dist-1: 0.06853927884213168
Dist-2: 0.2516681414870973
AvgLen: 7.968666666666667
