NIST-2: 0.773
NIST-4: 0.7926
BLEU-2: 0.199
BLEU-4: 0.0662
METEOR: 0.08236168158966964
Ent-4: 9.469556514836652
Dist-1: 0.11876302988186241
Dist-2: 0.41546738399462
AvgLen: 7.195
