NIST-2: 0.2207
NIST-4: 0.2269
BLEU-2: 0.1989
BLEU-4: 0.0694
METEOR: 0.07795875247040493
Ent-4: 8.97791047011523
Dist-1: 0.12985066020872973
Dist-2: 0.4289149907636541
AvgLen: 5.781
