NIST-2: 3.3098
NIST-4: 3.3614
BLEU-2: 0.1701
BLEU-4: 0.0434
METEOR: 0.09932292174966739
Ent-4: 9.626274757404852
Dist-1: 0.09543648871233408
Dist-2: 0.351582665398723
AvgLen: 12.041166666666667
