NIST-2: 3.2245
NIST-4: 3.2702
BLEU-2: 0.1628
BLEU-4: 0.0383
METEOR: 0.09725011018211815
Ent-4: 9.468559533722335
Dist-1: 0.09176444542838166
Dist-2: 0.3343694359779099
AvgLen: 12.045333333333334
