NIST-2: 0.1065
NIST-4: 0.1091
BLEU-2: 0.1826
BLEU-4: 0.0617
METEOR: 0.07128951618191814
Ent-4: 8.944472804833566
Dist-1: 0.13033145319728753
Dist-2: 0.4391894535070219
AvgLen: 5.259666666666667
