NIST-2: 0.1604
NIST-4: 0.1648
BLEU-2: 0.1976
BLEU-4: 0.0685
METEOR: 0.07663705229857214
Ent-4: 8.866563790485667
Dist-1: 0.13042559613643223
Dist-2: 0.425670695754717
AvgLen: 5.5216666666666665
