NIST-2: 2.8299
NIST-4: 2.8669
BLEU-2: 0.1337
BLEU-4: 0.0323
METEOR: 0.11383893879657682
Ent-4: 9.85107677915321
Dist-1: 0.06331265130745675
Dist-2: 0.2558317753861183
AvgLen: 20.791
