NIST-2: 2.7137
NIST-4: 2.7454
BLEU-2: 0.1273
BLEU-4: 0.0268
METEOR: 0.10977776888274467
Ent-4: 9.860479918869542
Dist-1: 0.05927923198676498
Dist-2: 0.2436793705680423
AvgLen: 20.9545
