NIST-2: 1.1207
NIST-4: 1.1571
BLEU-2: 0.225
BLEU-4: 0.0914
METEOR: 0.08984690112895097
Ent-4: 9.675443405005472
Dist-1: 0.13663488428423579
Dist-2: 0.49967018469656993
AvgLen: 7.568833333333333
