NIST-2: 3.4453
NIST-4: 3.5169
BLEU-2: 0.1954
BLEU-4: 0.0559
METEOR: 0.10444379457231152
Ent-4: 10.238718590181763
Dist-1: 0.08623409850046194
Dist-2: 0.3498096495998757
AvgLen: 11.725833333333334
