NIST-2: 0.2515
NIST-4: 0.2555
BLEU-2: 0.1487
BLEU-4: 0.0393
METEOR: 0.07045452546958338
Ent-4: 8.340495150979772
Dist-1: 0.09454396280596199
Dist-2: 0.30080476315100757
AvgLen: 6.094166666666666
