NIST-2: 0.1729
NIST-4: 0.1777
BLEU-2: 0.1973
BLEU-4: 0.0681
METEOR: 0.07706012577904198
Ent-4: 8.894217511373782
Dist-1: 0.13044646856801553
Dist-2: 0.42755810992688514
AvgLen: 5.5808333333333335
