NIST-2: 3.4947
NIST-4: 3.5725
BLEU-2: 0.1987
BLEU-4: 0.0588
METEOR: 0.10595490504475132
Ent-4: 10.03514254377563
Dist-1: 0.09012759284339582
Dist-2: 0.34961415542910595
AvgLen: 11.690833333333334
