NIST-2: 1.9055
NIST-4: 1.9269
BLEU-2: 0.1249
BLEU-4: 0.0294
METEOR: 0.07767271055453487
Ent-4: 8.956561526886778
Dist-1: 0.06094617630677311
Dist-2: 0.24515014366466975
AvgLen: 9.874833333333333
