NIST-2: 1.8774
NIST-4: 1.8953
BLEU-2: 0.1208
BLEU-4: 0.024
METEOR: 0.0766705378788751
Ent-4: 8.940131566055394
Dist-1: 0.05967001821985289
Dist-2: 0.2418349725955402
AvgLen: 9.879333333333333
