NIST-2: 0.1524
NIST-4: 0.1566
BLEU-2: 0.1973
BLEU-4: 0.0684
METEOR: 0.07645432284671541
Ent-4: 8.84837244803524
Dist-1: 0.13021007509196486
Dist-2: 0.42518309230826423
AvgLen: 5.482166666666667
