NIST-2: 0.5074
NIST-4: 0.5167
BLEU-2: 0.1543
BLEU-4: 0.0489
METEOR: 0.07385613410623319
Ent-4: 8.47191479316104
Dist-1: 0.08825970222113742
Dist-2: 0.29224214349032057
AvgLen: 6.828333333333333
