NIST-2: 0.4554
NIST-4: 0.4615
BLEU-2: 0.1386
BLEU-4: 0.0347
METEOR: 0.07077769934299503
Ent-4: 8.319319578857835
Dist-1: 0.081641702798581
Dist-2: 0.27163670000578133
AvgLen: 6.765333333333333
