NIST-2: 2.977
NIST-4: 3.0151
BLEU-2: 0.1498
BLEU-4: 0.0321
METEOR: 0.11282612087792704
Ent-4: 10.216049318960144
Dist-1: 0.05768174656763448
Dist-2: 0.24532952652867
AvgLen: 18.5125
