NIST-2: 0.148
NIST-4: 0.1518
BLEU-2: 0.1921
BLEU-4: 0.0627
METEOR: 0.07222463424259146
Ent-4: 8.95592108673378
Dist-1: 0.12911003945637878
Dist-2: 0.43340144184432705
AvgLen: 5.322333333333333
