NIST-2: 3.086
NIST-4: 3.1199
BLEU-2: 0.149
BLEU-4: 0.0296
METEOR: 0.09395969801388013
Ent-4: 9.275246397146343
Dist-1: 0.08382857220924354
Dist-2: 0.30579324097084776
AvgLen: 12.1995
