NIST-2: 3.4571
NIST-4: 3.5499
BLEU-2: 0.179
BLEU-4: 0.0748
METEOR: 0.1062201840218952
Ent-4: 10.995100016228342
Dist-1: 0.1454816096487322
Dist-2: 0.6296332006446193
AvgLen: 13.100166666666667
