NIST-2: 2.9048
NIST-4: 2.9409
BLEU-2: 0.1395
BLEU-4: 0.0301
METEOR: 0.10940289434831954
Ent-4: 10.697281306151398
Dist-1: 0.06820128201801054
Dist-2: 0.30456482267173973
AvgLen: 19.2665
